Hidden units: 5
Train accuracy: 0.85945
Test accuracy: 0.8259
Training time: 333.334942817688
Training epochs: 1000 

Test Data Confusion Matrix
[[818   0  22  49   4   1  92   0  14   0]
 [  6 936  17  29   9   0   2   0   1   0]
 [ 56   6 729   7 140   0  55   0   7   0]
 [ 65  20  31 811  15   0  55   0   3   0]
 [  9  10 117  30 733   0  92   0   9   0]
 [  1   0   0   1   1 911   0  50  10  26]
 [180   1 123  30 130   0 512   0  24   0]
 [  0   0   0   0   0  31   0 922   0  47]
 [  6   2   8   5  11   4  15   4 943   2]
 [  0   0   1   1   0  11   0  36   7 944]]

Hidden units: 10
Train accuracy: 0.8961666666666667
Test accuracy: 0.8521
Training time: 381.51782059669495
Training epochs: 1000 

Test Data Confusion Matrix
[[803   2  13  38   4   4 119   0  17   0]
 [  4 956   7  25   5   0   1   0   1   1]
 [ 20   0 748   8 124   0  88   0  12   0]
 [ 32  11  19 855  37   3  36   2   5   0]
 [  1   1  95  33 764   2  98   0   6   0]
 [  1   0   0   0   0 930   0  44   7  18]
 [124   2  94  40  94   0 625   0  21   0]
 [  0   0   0   0   0  27   0 936   1  36]
 [  1   1   4   6   7   7  16   4 952   2]
 [  0   0   0   0   0  13   0  34   1 952]]

Hidden units: 15
Train accuracy: 0.9087666666666666
Test accuracy: 0.8648
Training time: 433.16805362701416
Training epochs: 1000 

Test Data Confusion Matrix
[[837   2  10  35   3   2  97   0  14   0]
 [  6 955   2  27   5   0   4   0   1   0]
 [ 19   1 769  17 109   1  77   0   7   0]
 [ 37  12  11 871  35   0  29   0   5   0]
 [  0   1  96  42 786   2  66   0   7   0]
 [  0   0   0   1   0 940   0  31   5  23]
 [150   1  89  34  84   0 625   0  17   0]
 [  0   0   0   0   0  22   0 952   1  25]
 [  0   0   7   8   4   5  13   5 957   1]
 [  0   0   0   0   0   6   0  37   1 956]]

Hidden units: 20
Train accuracy: 0.9195166666666666
Test accuracy: 0.8716
Training time: 475.6337242126465
Training epochs: 1000 

Test Data Confusion Matrix
[[837   3  15  36   3   3  93   0  10   0]
 [  2 964   3  20   7   0   3   0   1   0]
 [ 20   3 779  14 104   1  74   0   5   0]
 [ 38  11   9 871  41   1  25   0   4   0]
 [  2   0 102  35 804   0  54   0   3   0]
 [  0   1   0   0   0 937   0  37   4  21]
 [115   3  94  36  85   1 653   0  13   0]
 [  0   0   0   0   0  19   0 956   0  25]
 [  3   3   5   6   4   6   6   4 962   1]
 [  0   0   0   0   0   7   0  39   1 953]]

Hidden units: 25
Train accuracy: 0.9220666666666667
Test accuracy: 0.8746
Training time: 512.6713871955872
Training epochs: 1000 

Test Data Confusion Matrix
[[845   1  15  31   6   2  83   0  17   0]
 [  5 958   7  24   2   0   2   0   2   0]
 [ 19   3 795  14  94   0  71   0   4   0]
 [ 35   6  12 891  31   0  22   0   3   0]
 [  1   1  98  32 797   1  64   0   6   0]
 [  0   1   0   0   0 952   0  29   2  16]
 [140   2  90  29  80   0 646   0  13   0]
 [  0   0   0   0   0  23   0 950   1  26]
 [  3   2   3   6   8   2  10   5 961   0]
 [  0   0   0   0   0  11   0  37   1 951]]

