Hidden units: 5
Train accuracy: 0.7690666666666667
Test accuracy: 0.7602
Training time: 426.16532921791077
Training epochs: 1000 

Test Data Confusion Matrix
[[808   3   6  71   9   2  79   0  22   0]
 [  2 936   2  34  11   0  10   0   5   0]
 [ 38   1 173  14 507   0 255   0  12   0]
 [ 70  28   6 830  35   0  24   0   7   0]
 [  4   6  99  38 736   0  98   0  19   0]
 [  0   0   0   1   0 864   0  76   8  51]
 [210   5  85  43 118   0 503   0  36   0]
 [  0   0   0   0   0  42   0 905   0  53]
 [ 17   4   1   4   2   2  38   6 926   0]
 [  0   0   0   0   0  26   2  51   0 921]]

Hidden units: 10
Train accuracy: 0.8521666666666666
Test accuracy: 0.8365
Training time: 475.06053137779236
Training epochs: 1000 

Test Data Confusion Matrix
[[801   0  24  60   7   2  92   0  13   1]
 [  2 948  11  29   6   0   2   0   2   0]
 [ 28   2 737   8 143   1  71   0  10   0]
 [ 34  12  18 863  29   1  37   2   4   0]
 [  0   2  98  37 769   0  83   1   9   1]
 [  0   0   0   0   0 904   0  61   8  27]
 [161   0 126  40 116   0 526   2  29   0]
 [  0   0   0   0   0  31   0 925   0  44]
 [  0   1   7  10   6   5  20   4 947   0]
 [  0   0   0   0   0  13   0  41   1 945]]

Hidden units: 15
Train accuracy: 0.8608166666666667
Test accuracy: 0.8423
Training time: 466.4205627441406
Training epochs: 1000 

Test Data Confusion Matrix
[[825   3  13  43   5   2  89   0  20   0]
 [  5 953   9  27   4   0   0   0   2   0]
 [ 18   2 725  16 151   1  74   0  13   0]
 [ 32  13  18 864  34   0  34   0   5   0]
 [  0   2 103  40 769   2  74   0  10   0]
 [  0   0   0   1   0 905   0  56   6  32]
 [160   2 119  34  99   2 558   0  26   0]
 [  0   0   0   0   0  30   0 925   1  44]
 [  2   1  11  11   2   3  11   5 953   1]
 [  0   0   0   0   0  11   0  42   1 946]]

Hidden units: 20
Train accuracy: 0.8632166666666666
Test accuracy: 0.8459
Training time: 444.3292489051819
Training epochs: 1000 

Test Data Confusion Matrix
[[818   2  11  48   4   5  97   0  15   0]
 [  5 948  10  26   5   0   5   0   1   0]
 [ 22   3 761  11 130   2  61   0  10   0]
 [ 29  15  16 867  34   1  34   0   3   1]
 [  0   0 105  38 779   0  71   0   7   0]
 [  0   0   0   2   0 912   0  53   7  26]
 [154   1 123  34 103   2 549   1  33   0]
 [  0   0   0   0   0  31   0 929   0  40]
 [  2   2  10   6   4   3  15   5 953   0]
 [  0   0   0   0   0  11   0  45   1 943]]

Hidden units: 25
Train accuracy: 0.8641666666666666
Test accuracy: 0.8472
Training time: 565.2327508926392
Training epochs: 1000 

Test Data Confusion Matrix
[[837   4  15  41   6   3  80   0  14   0]
 [  3 951   7  29   6   0   2   0   2   0]
 [ 19   2 755  13 130   2  66   1  12   0]
 [ 27  14  18 869  36   1  32   0   3   0]
 [  0   1 112  42 766   0  74   0   5   0]
 [  1   0   0   2   0 909   0  52   8  28]
 [151   2 117  37 103   1 556   0  33   0]
 [  0   0   0   0   0  33   0 928   0  39]
 [  2   2   9   6   3   4  15   4 955   0]
 [  0   0   0   0   0  11   0  42   1 946]]

