Scikit-learn MLPClassifier
Train accuracy: 0.99395
Test accuracy: 0.8759
Training time: 991.3195879459381
Test Data Confusion Matrix
[[839   3  16  33   5   3  94   0   7   0]
 [  9 963   2  18   2   0   6   0   0   0]
 [ 29   3 813  14  79   0  59   0   3   0]
 [ 37  11  19 870  26   0  31   0   6   0]
 [  1   1  87  44 801   0  55   0  11   0]
 [  0   0   1   2   0 947   0  26   3  21]
 [124   1  79  33  81   0 670   0  11   1]
 [  0   0   0   0   0  17   0 954   0  29]
 [ 11   0   5   6   6   3   9   5 955   0]
 [  0   1   0   0   0   8   1  43   0 947]]

