Hidden units: 5
Train accuracy: 0.8399333333333333
Test accuracy: 0.811
Training time: 257.5339677333832 

Test Data Confusion Matrix
[[882   6  21  41   2   2  29   0  16   1]
 [  8 948  12  22   3   0   6   0   1   0]
 [ 56   1 748  10 147   0  30   0   8   0]
 [ 48  20  14 854  25   1  29   0   9   0]
 [  5   3 133  45 771   0  29   0  14   0]
 [  1   1   1   2   1 911   2  47  11  23]
 [281   6 196  46 204   0 204   0  62   1]
 [  0   1   0   0   1  43   0 924   0  31]
 [ 18   2   0  13  18   4  10   4 929   2]
 [  0   4   0   1   2  11   0  40   3 939]]

Hidden units: 10
Train accuracy: 0.8941666666666667
Test accuracy: 0.8519
Training time: 292.57867407798767 

Test Data Confusion Matrix
[[828   3  17  35   4   1  91   2  19   0]
 [  5 953   3  27   4   0   6   0   1   1]
 [ 16   2 771  11 114   0  80   0   6   0]
 [ 40  14  21 843  34   2  36   3   6   1]
 [  1   1 111  31 766   2  80   0   8   0]
 [  2   0   0   1   0 920   1  37   6  33]
 [144   1 100  33  89   1 605   0  24   3]
 [  0   0   0   0   0  28   0 937   0  35]
 [  4   2  14   5   4   6  13   4 946   2]
 [  1   0   0   0   0   9   0  37   3 950]]

Hidden units: 15
Train accuracy: 0.9092666666666667
Test accuracy: 0.8648
Training time: 317.53851866722107 

Test Data Confusion Matrix
[[816   3  17  38   4   2 107   0  13   0]
 [  4 954   6  25   4   0   6   0   1   0]
 [ 15   1 811  11  89   0  68   0   5   0]
 [ 38   9  10 866  41   0  30   0   5   1]
 [  2   3 106  31 782   0  69   0   7   0]
 [  1   0   0   1   0 931   0  37   3  27]
 [133   1  99  33  81   0 638   0  15   0]
 [  0   0   0   0   0  26   0 943   0  31]
 [  2   2   7   7   6   4  14   3 955   0]
 [  0   0   0   0   0   8   0  39   1 952]]

Hidden units: 20
Train accuracy: 0.9206833333333333
Test accuracy: 0.868
Training time: 340.72357416152954 

Test Data Confusion Matrix
[[815   2  14  39   4   1 108   1  16   0]
 [  4 955   3  28   4   0   4   0   2   0]
 [ 19   2 792  16  90   1  75   1   4   0]
 [ 20  11  10 886  34   2  32   0   4   1]
 [  0   2 107  30 786   0  70   0   5   0]
 [  1   1   0   1   0 938   0  39   5  15]
 [132   0  90  39  80   0 644   0  14   1]
 [  0   0   0   0   0  23   0 950   0  27]
 [  1   1   9   6   5   3   9   6 960   0]
 [  0   0   0   1   0  10   0  34   1 954]]

Hidden units: 25
Train accuracy: 0.9227333333333333
Test accuracy: 0.8731
Training time: 354.39186453819275 

Test Data Confusion Matrix
[[838   5  13  32   5   1  93   0  13   0]
 [  4 957   1  27   6   0   3   0   2   0]
 [ 18   1 793  17  95   0  68   1   7   0]
 [ 31  11  18 874  28   0  29   0   8   1]
 [  1   1  95  37 791   2  69   0   4   0]
 [  0   0   0   1   0 952   0  29   2  16]
 [140   3  87  34  65   0 656   0  15   0]
 [  0   0   0   0   0  21   0 950   0  29]
 [  4   1   4   7   3   1  14   5 960   1]
 [  0   0   0   0   0   9   0  30   1 960]]

