Hidden units: 5
Train accuracy: 0.8141166666666667
Test accuracy: 0.8012
Training time: 258.9531021118164
Training epochs: 1000 

Test Data Confusion Matrix
[[817   2  17  64  18   9  59   3  11   0]
 [  4 932   8  39   4   0   6   3   4   0]
 [ 31   2 714  12 157   5  68   2   7   2]
 [ 61  17  15 811  46   4  39   1   6   0]
 [  2   0  94  32 776   0  82   4  10   0]
 [  0   0   1   1   0 873   0  62  14  49]
 [195   2 181  50 197   5 337   7  19   7]
 [  0   0   0   0   0  51   0 899   1  49]
 [  0   1  18   8  13  14   9  10 926   1]
 [  0   0   0   0   0  31   0  42   0 927]]

Hidden units: 10
Train accuracy: 0.8556166666666667
Test accuracy: 0.8404
Training time: 275.1430118083954
Training epochs: 1000 

Test Data Confusion Matrix
[[830   3  13  45   6   3  84   1  15   0]
 [  4 948   8  27   9   0   2   0   2   0]
 [ 27   1 738  12 142   0  69   0  11   0]
 [ 36  15  17 858  38   1  32   0   3   0]
 [  0   4 100  41 773   1  72   0   9   0]
 [  0   0   0   2   0 902   0  60   6  30]
 [158   5 129  38 110   2 528   1  29   0]
 [  0   0   0   0   0  33   0 922   1  44]
 [  3   1   8   5   3   5  14   5 956   0]
 [  0   0   0   0   0  11   0  39   1 949]]

Hidden units: 15
Train accuracy: 0.8610166666666667
Test accuracy: 0.844
Training time: 305.26513934135437
Training epochs: 1000 

Test Data Confusion Matrix
[[840   1  13  41   6   4  77   0  18   0]
 [  2 953   5  30   7   0   1   0   2   0]
 [ 21   1 760  10 139   1  59   0   9   0]
 [ 33   8  13 864  37   0  42   0   3   0]
 [  0   5 101  39 768   1  80   0   6   0]
 [  0   0   0   2   0 909   0  57   5  27]
 [168   2 138  33 109   0 520   0  30   0]
 [  0   0   0   0   0  30   0 928   1  41]
 [  4   1   8   6   3   3  15   5 955   0]
 [  0   0   0   0   0  11   0  45   1 943]]

Hidden units: 20
Train accuracy: 0.8617333333333334
Test accuracy: 0.8465
Training time: 352.3824682235718
Training epochs: 1000 

Test Data Confusion Matrix
[[832   1  11  42   7   1  87   1  18   0]
 [  5 951   7  31   4   0   0   0   2   0]
 [ 18   3 747  11 139   1  69   0  12   0]
 [ 31   9  10 869  37   2  38   0   4   0]
 [  0   2  97  39 774   1  79   0   8   0]
 [  0   0   0   2   0 907   0  52   8  31]
 [152   2 115  40  97   1 563   0  30   0]
 [  0   0   0   0   0  35   0 922   1  42]
 [  2   1   9  10   3   5  13   5 952   0]
 [  0   0   0   0   0  11   0  40   1 948]]

Hidden units: 25
Train accuracy: 0.8644833333333334
Test accuracy: 0.8474
Training time: 368.3781204223633
Training epochs: 1000 

Test Data Confusion Matrix
[[828   4  14  38   6   3  92   0  15   0]
 [  6 953   6  27   5   0   1   0   2   0]
 [ 19   3 764  11 131   2  60   0  10   0]
 [ 28   9  18 866  37   1  36   0   4   1]
 [  0   2 101  36 773   1  82   0   5   0]
 [  0   0   0   2   0 907   0  54   8  29]
 [151   1 120  35 102   1 556   0  34   0]
 [  0   0   0   0   0  35   0 927   0  38]
 [  0   1  13   8   3   3  12   6 954   0]
 [  0   0   0   0   0  11   0  42   1 946]]

