Sigmoid activation function
Hidden Layer Count: 2
Train accuracy: 0.8631833333333333
Test accuracy: 0.846
Training time: 576.6954190731049 

Test Data Confusion Matrix
[[827   3  13  46   7   5  84   0  14   1]
 [  4 950   7  29   7   0   2   0   1   0]
 [ 21   1 756  10 128   2  73   0   9   0]
 [ 27  12  13 870  41   1  31   0   5   0]
 [  1   1 104  38 771   2  78   0   5   0]
 [  1   0   0   1   0 914   0  51   6  27]
 [147   2 124  40 104   1 552   0  30   0]
 [  0   0   0   0   0  31   0 926   0  43]
 [  2   1  13   9   3   4  13   4 951   0]
 [  0   0   0   0   0  13   0  43   1 943]]

Hidden Layer Count: 3
Train accuracy: 0.84995
Test accuracy: 0.8363
Training time: 731.7726318836212 

Test Data Confusion Matrix
[[815   2  15  61   4   4  84   0  15   0]
 [  1 941  13  35   7   0   2   0   1   0]
 [ 25   1 749  10 134   1  69   0  11   0]
 [ 34  13  10 848  42   1  49   0   2   1]
 [  0   1 102  31 773   0  86   0   7   0]
 [  0   0   0   1   0 920   0  47   5  27]
 [178   2 136  45 107   1 500   0  31   0]
 [  0   0   0   0   0  31   0 930   0  39]
 [  1   1   6   6   3   7  23   4 945   4]
 [  0   0   0   0   0  14   0  43   1 942]]

Hidden Layer Count: 4
Train accuracy: 0.8259666666666666
Test accuracy: 0.8141
Training time: 843.0972423553467 

Test Data Confusion Matrix
[[824   4  25  56   3   4  69   0  15   0]
 [ 12 931  14  33   4   0   4   0   2   0]
 [ 20   0 747  12 151   0  63   0   7   0]
 [ 34  10   8 854  40   1  48   0   5   0]
 [  2   0 106  49 789   0  48   0   6   0]
 [  0   0   0   1   0 910   0  51   7  31]
 [201   0 205  56 233   1 275   0  29   0]
 [  0   0   0   0   0  33   0 928   0  39]
 [  0   1   2  10   6  11  26   3 939   2]
 [  0   0   0   0   0  11   0  42   3 944]]

Hidden Layer Count: 5
Train accuracy: 0.7100666666666666
Test accuracy: 0.7062
Training time: 969.7902896404266 

Test Data Confusion Matrix
[[829   5  49  74   9   7  10   0  17   0]
 [ 30 926  11  23   2   2   4   0   2   0]
 [ 50   0 772  10 135   2  17   0  14   0]
 [314  57  49 517   7  14  36   0   6   0]
 [ 27   1 481  43 389   3  38   0  18   0]
 [  0   0   0   0   0 856   0  71   8  65]
 [277   1 479  50 119   3  33   0  38   0]
 [  0   0   0   0   0  37   0 901   0  62]
 [  1   2  14   7  19  34   3   3 916   1]
 [  0   0   0   0   0  16   0  57   4 923]]

ReLU activation function
Hidden Layer Count: 2
Train accuracy: 0.9284166666666667
Test accuracy: 0.8803
Training time: 543.4269695281982 

Test Data Confusion Matrix
[[853   2  12  26   5   2  87   0  12   1]
 [  6 957   3  25   4   0   4   0   1   0]
 [ 19   1 805   8  93   1  70   0   3   0]
 [ 25   5  15 895  37   0  18   0   5   0]
 [  1   1  93  36 806   0  56   0   7   0]
 [  0   0   0   1   0 948   0  28   2  21]
 [134   1  91  35  73   0 657   0   9   0]
 [  0   0   0   0   0  22   0 951   0  27]
 [  4   1   3   5   5   1   6   5 970   0]
 [  0   0   0   0   0   5   1  33   0 961]]

Hidden Layer Count: 3
Train accuracy: 0.9489166666666666
Test accuracy: 0.8803
Training time: 634.988290309906 

Test Data Confusion Matrix
[[846   3  16  27   5   1  88   0  14   0]
 [  7 964   0  22   2   0   3   0   2   0]
 [ 21   2 809  11  93   0  60   0   4   0]
 [ 28   8  14 877  42   0  26   0   5   0]
 [  0   2  91  25 824   0  51   0   7   0]
 [  0   0   0   1   0 959   0  22   1  17]
 [146   3  75  29  75   1 658   0  13   0]
 [  0   0   0   0   0  26   0 944   0  30]
 [  4   0   7   4   5   2  11   4 963   0]
 [  1   0   0   0   0   6   1  33   0 959]]

Hidden Layer Count: 4
Train accuracy: 0.9561833333333334
Test accuracy: 0.8756
Training time: 721.2194447517395 

Test Data Confusion Matrix
[[862   2  18  27   5   1  76   0   9   0]
 [  4 969   3  18   3   0   3   0   0   0]
 [ 23   1 783  13 110   0  64   0   6   0]
 [ 42   6  18 866  39   1  23   0   5   0]
 [  1   0  92  30 816   0  56   0   5   0]
 [  0   0   0   0   0 951   0  26   5  18]
 [151   2  78  23  93   1 640   0  12   0]
 [  0   0   0   0   0  18   0 960   0  22]
 [  5   0   5   4   5   1  13   7 960   0]
 [  1   0   0   0   0  11   0  39   0 949]]

Hidden Layer Count: 5
Train accuracy: 0.9531333333333334
Test accuracy: 0.8707
Training time: 813.2093205451965 

Test Data Confusion Matrix
[[847   2  18  26   5   1  81   1  19   0]
 [ 10 964   3  15   3   0   2   0   3   0]
 [ 21   0 820  12  72   0  66   0   9   0]
 [ 50  13  21 845  37   0  25   0   9   0]
 [  3   1 119  27 780   0  61   0   9   0]
 [  0   0   0   0   0 946   0  33   3  18]
 [152   2 108  26  72   1 628   0  11   0]
 [  0   0   0   0   0  13   0 949   0  38]
 [  5   2   5   5   5   2   8   5 962   1]
 [  0   0   0   0   0  10   1  23   0 966]]

