Sigmoid activation function
Train accuracy: 0.57665
Test accuracy: 0.5842
Test Data Confusion Matrix
[[698 119  17  80  31  15   0   3  36   1]
 [  9 954   8  10  16   0   0   0   3   0]
 [ 17  11 408  12 461   7   1   0  82   1]
 [ 81 606   3 254  42   3   2   0   8   1]
 [ 12  60  96  43 740   8   0   0  40   1]
 [  0   1   0   2   0  49   0 528   4 416]
 [217  39 163  75 360  24   6   2 114   0]
 [  0   0   0   0   0   0   0 891   0 109]
 [  3   3  10  21   4   8   0  52 896   3]
 [  0   0   0   2   1   1   0  49   1 946]]

ReLU activation function
Train accuracy: 0.8417166666666667
Test accuracy: 0.8298
Test Data Confusion Matrix
[[823   4  18  52   8   3  69   2  21   0]
 [  7 940  13  31   7   0   0   0   2   0]
 [ 16   1 718  11 151   1  90   0  12   0]
 [ 38  14  15 855  42   0  31   0   4   1]
 [  0   2 106  38 762   3  83   0   6   0]
 [  0   0   0   3   0 895   0  57   5  40]
 [171   2 131  41 111   1 510   0  33   0]
 [  0   0   0   0   0  34   0 908   0  58]
 [  1   1  12   8   2   4  23   4 944   1]
 [  0   0   0   0   0  13   0  43   1 943]]

